<?xml version="1.0"?>
<opencv_storage>
<Neck>1.0772136688232422e+02</Neck>
<Chest>3.4733438110351562e+02</Chest>
<Waist>5.0572155761718750e+02</Waist>
<Hips>4.1083541870117188e+02</Hips>
</opencv_storage>
