<?xml version="1.0"?>
<opencv_storage>
<frames_1_2>
  <frames_1_2_essential type_id="opencv-matrix">
    <rows>3</rows>
    <cols>3</cols>
    <dt>d</dt>
    <data>
      -2.0575204843323270e-03 -2.7430426891561284e-02
      -3.1421775715272320e-02 6.5541957548128707e-02
      7.2167489249364246e-03 7.0330808102618747e-01
      2.3271804605534907e-02 -7.0617606545830358e-01
      6.3017048573782162e-03</data></frames_1_2_essential>
  <frames_1_2_rotation type_id="opencv-matrix">
    <rows>3</rows>
    <cols>3</cols>
    <dt>d</dt>
    <data>
      9.9844030760662539e-01 -1.2583792438090578e-02
      -5.4393017146160558e-02 1.1981968096557652e-02
      9.9986349606907277e-01 -1.1376364492396287e-02
      5.4528750094978339e-02 1.0706885467112313e-02
      9.9845479517936786e-01</data></frames_1_2_rotation>
  <frames_1_2_transformation type_id="opencv-matrix">
    <rows>3</rows>
    <cols>1</cols>
    <dt>d</dt>
    <data>
      9.9825448687438378e-01 4.4942450579872992e-02
      -3.8316518253052059e-02</data></frames_1_2_transformation></frames_1_2>
</opencv_storage>
