<?xml version="1.0"?>
<opencv_storage>
<frames_1_2>
  <frames_1_2_essential type_id="opencv-matrix">
    <rows>3</rows>
    <cols>3</cols>
    <dt>d</dt>
    <data>
      0. -6.7000000000000004e-01 -4.0000000000000001e-02
      6.8000000000000005e-01 0. -2.0999999999999999e-01
      5.0000000000000003e-02 2.2000000000000000e-01
      1.0000000000000000e-02</data></frames_1_2_essential>
  <frames_1_2_rotation type_id="opencv-matrix">
    <rows>3</rows>
    <cols>3</cols>
    <dt>d</dt>
    <data>
      9.9980724740551252e-01 -1.0771384657875540e-03
      1.9603770253150830e-02 1.1407628534022068e-03
      9.9999411791445303e-01 -3.2346246470240521e-03
      -1.9600170803467570e-02 3.2563644176225931e-03
      9.9980259521330239e-01</data></frames_1_2_rotation>
  <frames_1_2_transformation type_id="opencv-matrix">
    <rows>3</rows>
    <cols>1</cols>
    <dt>d</dt>
    <data>
      -3.1224434720040506e-01 6.4886817548605369e-02
      -9.4778329197649758e-01</data></frames_1_2_transformation></frames_1_2>
</opencv_storage>
