<?xml version="1.0"?>
<opencv_storage>
<frames_1_2>
  <frames_1_2_essential type_id="opencv-matrix">
    <rows>3</rows>
    <cols>3</cols>
    <dt>d</dt>
    <data>
      2.6702245697713001e-01 4.5948382691338406e-03
      6.4324600329223891e-01 1.5655907104491570e-01
      -1.9699251552011676e-01 -1.8407099723765324e-01
      -4.6005854120860851e-01 4.3388774142546938e-01
      1.3342081831556821e-01</data></frames_1_2_essential>
  <frames_1_2_rotation type_id="opencv-matrix">
    <rows>3</rows>
    <cols>3</cols>
    <dt>d</dt>
    <data>
      7.8095349005576564e-01 -5.3617433165883210e-01
      -3.2035719508062188e-01 2.9141134003349928e-01
      7.6644805773024005e-01 -5.7239567232939725e-01
      5.5244101700507309e-01 3.5365867849064186e-01
      7.5480756611116029e-01</data></frames_1_2_rotation>
  <frames_1_2_transformation type_id="opencv-matrix">
    <rows>3</rows>
    <cols>1</cols>
    <dt>d</dt>
    <data>
      1.7269901088158218e-01 8.9755342356713830e-01
      4.0567586011917467e-01</data></frames_1_2_transformation></frames_1_2>
</opencv_storage>
