<?xml version="1.0"?>
<opencv_storage>
<points1>
  3. 8. 3. 11. 5. 11. 5. 14. 8. 20. 8. 23. 6. 24. 11. 31. 9. 33. 14. 39.
  12. 42. 14. 45. 15. 49. 15. 51. 17. 52. 17. 54. 21. 66. 23. 70. 24.
  77. 26. 80. 26. 84. 24. 85. 27. 89. 29. 92. 30. 100. 30. 107. 32. 110.
  33. 117. 35. 118. 33. 119. 35. 120. 35. 122. 42. 150. 44. 153. 42.
  154. 44. 157. 45. 164. 51. 191. 51. 195. 63. 263. 65. 266. 2643. 396.
  2646. 396. 2639. 397. 2258. 402. 2261. 402. 2226. 407. 2609. 416.
  2591. 428. 2855. 429. 2580. 436. 2892. 437. 2118. 439. 2796. 441.
  2860. 441. 2381. 442. 2861. 443. 2156. 444. 2768. 444. 2859. 444.
  2880. 446. 2117. 451. 2558. 451. 2137. 452. 2844. 452. 2720. 453.
  2355. 455. 2343. 462. 2705. 463. 2708. 464. 2720. 471. 2723. 472.
  2720. 473. 2558. 475. 2748. 475. 2813. 476. 2813. 480. 2304. 486.
  2107. 487. 2498. 488. 2111. 493. 2117. 498. 2005. 501. 2974. 501.
  2474. 504. 2465. 509. 2072. 511. 2075. 511. 2462. 511. 2459. 513.
  2697. 514. 2456. 516. 2772. 523. 2444. 525. 2441. 527. 2039. 531.
  2223. 535. 2009. 548. 2408. 548. 2790. 549. 2573. 556. 2183. 565.
  2384. 565. 1991. 569. 1310. 572. 1313. 572. 1316. 572. 1307. 573.
  1982. 577. 2355. 584. 2340. 594. 1955. 598. 1839. 599. 1943. 603.
  1937. 608. 2315. 612. 1934. 616. 1925. 617. 1964. 619. 1787. 623.
  1790. 623. 1916. 627. 1913. 628. 2291. 629. 1865. 630. 2288. 631.
  2292. 631. 1788. 632. 1792. 632. 1862. 634. 1918. 634. 2279. 637.
  1770. 645. 1769. 649. 1843. 650. 1672. 651. 1633. 656. 1736. 657.
  1605. 659. 1942. 660. 1946. 660. 1755. 661. 1758. 662. 1710. 669.
  1724. 669. 1652. 670. 1817. 670. 1649. 671. 1725. 672. 1737. 672.
  1849. 672. 1794. 673. 1843. 674. 1718. 675. 1830. 675. 1833. 675.
  1656. 676. 1837. 676. 1924. 676. 1666. 677. 1670. 677. 1701. 677.
  1777. 677. 1780. 677. 1912. 677. 1718. 678. 1829. 678. 1806. 679.
  1907. 679. 1925. 679. 1929. 679. 1915. 680. 1946. 680. 1677. 681.
  1842. 681. 1967. 681. 1970. 681. 1802. 682. 1805. 682. 1923. 682.
  1946. 682. 1951. 682. 1973. 682. 2042. 682. 1776. 683. 1779. 683.
  2096. 683. 2114. 683. 2117. 683. 1967. 684. 1970. 684. 1797. 685.
  2138. 685. 2023. 686. 2050. 686. 2180. 686. 2222. 686. 1703. 687.
  1846. 687. 1956. 687. 1963. 687. 2043. 687. 2114. 687. 2119. 687.
  2123. 687. 1725. 688. 1903. 688. 1917. 688. 1920. 688. 1953. 688.
  2020. 688. 2178. 688. 2180. 688. 2198. 688. 1912. 689. 1940. 689.
  2183. 689. 2222. 689. 2248. 689. 1890. 690. 1894. 690. 1915. 690.
  1961. 690. 2016. 690. 2036. 690. 2045. 690. 2112. 690. 2198. 690.
  2252. 690. 2330. 690. 1230. 691. 1272. 691. 1833. 691. 2039. 691.
  2108. 691. 2255. 691. 2270. 691. 1237. 692. 1301. 692. 1767. 692.
  1812. 692. 1988. 692. 2015. 692. 2029. 692. 2032. 692. 2297. 692.
  1264. 693. 1267. 693. 1271. 693. 1735. 693. 1787. 693. 1832. 693.
  1964. 693. 2004. 693. 2006. 693. 2027. 693. 2109. 693. 2141. 693.
  2274. 693. 2330. 693. 1341. 694. 1353. 694. 1724. 694. 1805. 694.
  1974. 694. 2041. 694. 2046. 694. 2277. 694. 2320. 694. 1232. 695.
  1700. 695. 1703. 695. 1811. 695. 2002. 695. 2016. 695. 2021. 695.
  2044. 695. 2145. 695. 2253. 695. 1827. 696. 2038. 696. 2101. 696.
  2276. 696. 1630. 697. 2064. 697. 2094. 697. 2141. 697. 2144. 697.
  2147. 697. 2270. 697. 2034. 698. 2282. 698. 1631. 699. 1822. 699.
  2276. 700. 1630. 701. 2231. 701. 2268. 701. 1688. 702. 1775. 702.
  2292. 702. 1299. 703. 2164. 703. 2249. 703. 1800. 704. 2231. 704.
  1249. 705. 2226. 705. 2290. 706. 1581. 707. 1688. 707. 1577. 709.
  1619. 710. 1650. 710. 1673. 711. 1458. 714. 1568. 716. 2231. 717.
  1647. 718. 1807. 719. 2273. 719. 1623. 720. 1802. 720. 1768. 724.
  1005. 725. 1784. 725. 1959. 725. 1955. 726. 1004. 727. 1958. 728.
  1000. 733. 2246. 733. 1998. 738. 984. 741. 987. 741. 983. 743. 978.
  744. 981. 745. 984. 745. 978. 746. 2464. 746. 2462. 747. 978. 754.
  981. 756. 983. 758. 984. 760. 987. 761. 989. 761. 102. 805. 105. 805.
  2946. 1101. 2894. 1102. 2954. 1102. 2900. 1103. 2903. 1103. 2892.
  1104. 2940. 1104. 2943. 1104. 2955. 1104. 2697. 1105. 2759. 1105.
  2762. 1105. 2889. 1105. 2705. 1106. 2748. 1106. 2702. 1107. 2694.
  1109. 2369. 1110. 2505. 1110. 2553. 1110. 2886. 1110. 2565. 1111.
  2318. 1112. 2745. 1112. 2301. 1113. 2304. 1113. 2355. 1113. 2496.
  1113. 2499. 1113. 2550. 1113. 2691. 1113. 2759. 1113. 2493. 1114.
  2705. 1114. 2174. 1115. 2547. 1115. 2688. 1115. 2717. 1115. 2720.
  1115. 2298. 1116. 2301. 1116. 2774. 1116. 2966. 1116. 2120. 1117.
  2352. 1117. 2373. 1117. 2507. 1117. 2517. 1117. 2555. 1117. 2710.
  1117. 2918. 1117. 2160. 1118. 2169. 1118. 2300. 1118. 2493. 1118.
  2948. 1118. 2103. 1119. 2298. 1119. 2322. 1119. 2349. 1119. 2561.
  1119. 2571. 1119. 2707. 1119. 2710. 1119. 2720. 1119. 1976. 1120.
  2159. 1120. 2295. 1120. 2304. 1120. 2723. 1120. 2771. 1120. 2774.
  1120. 2892. 1120. 2918. 1120. 2972. 1120. 1582. 1121. 1926. 1121.
  1928. 1121. 2102. 1121. 2157. 1121. 2168. 1121. 2358. 1121. 2367.
  1121. 2370. 1121. 2375. 1121. 2517. 1121. 2553. 1121. 2777. 1121.
  2949. 1121. 1731. 1122. 1784. 1122. 2176. 1122. 2178. 1122. 2307.
  1122. 2571. 1122. 2774. 1122. 2946. 1122. 2975. 1122. 1959. 1123.
  2124. 1123. 2156. 1123. 2297. 1123. 2322. 1123. 2371. 1123. 2508.
  1123. 2519. 1123. 2556. 1123. 2565. 1123. 2579. 1123. 2712. 1123.
  2715. 1123. 2777. 1123. 2895. 1123. 1585. 1124. 1911. 1124. 1956.
  1124. 2100. 1124. 2127. 1124. 2163. 1124. 2310. 1124. 2313. 1124.
  2376. 1124. 2384. 1124. 2528. 1124. 2573. 1124. 2582. 1124. 2585.
  1124. 2723. 1124. 2780. 1124. 2882. 1124. 2892. 1124. 2949. 1124.
  1587. 1125. 1980. 1125. 2180. 1125. 2327. 1125. 2726. 1125. 2741.
  1125. 2744. 1125. 2958. 1125. 1713. 1126. 1737. 1126. 1791. 1126.
  1908. 1126. 1954. 1126. 2097. 1126. 2295. 1126. 2303. 1126. 2378.
  1126. 2390. 1126. 2520. 1126. 2527. 1126. 2534. 1126. 2569. 1126.
  2571. 1126. 2575. 1126. 2582. 1126. 2687. 1126. 1540. 1127. 1740.
  1127. 1983. 1127. 2094. 1127. 2109. 1127. 2129. 1127. 2166. 1127.
  2181. 1127. 2328. 1127. 2387. 1127. 2393. 1127. 2585. 1127. 2694.
  1127. 2763. 1127. 1557. 1128. 1764. 1128. 1907. 1128. 2112. 1128.
  2162. 1128. 2183. 1128. 2335. 1128. 2348. 1128. 2379. 1128. 2390.
  1128. 2492. 1128. 2546. 1128. 2588. 1128. 2751. 1128. 2897. 1128.
  2954. 1128. 1341. 1129. 1542. 1129. 1544. 1129. 1710. 1129. 1722.
  1129. 1905. 1129. 2130. 1129. 2153. 1129. 2301. 1129. 2342. 1129.
  2393. 1129. 2489. 1129. 2553. 1129. 2685. 1129. 2742. 1129. 1763.
  1130. 1796. 1130. 1917. 1130. 1920. 1130. 1965. 1130. 1968. 1130.
  1985. 1130. 2094. 1130. 2184. 1130. 2192. 1130. 2294. 1130. 1143.
  1131. 1145. 1131. 1503. 1131. 1506. 1131. 1569. 1131. 1773. 1131.
  1902. 1131. 2198. 1131. 2490. 1131. 2499. 1131. 2556. 1131. 2696.
  1131. 2699. 1131. 2756. 1131. 1515. 1132. 1572. 1132. 1716. 1132.
  1721. 1132. 1776. 1132. 1986. 1132. 2166. 1132. 2201. 1132. 2358.
  1132. 2753. 1132. 1518. 1133. 1704. 1133. 1707. 1133. 1799. 1133.
  1804. 1133. 1904. 1133. 1910. 1133. 2000. 1133. 2003. 1133. 2094.
  1133. 2304. 1133. 2699. 1133. 2763. 1133. 2961. 1133. 956. 1134. 959.
  1134. 1355. 1134. 1365. 1134. 1505. 1134. 1555. 1134. 1722. 1134.
  2151. 1134. 2159. 1134. 2901. 1134. 2904. 1134. 979. 1135. 982. 1135.
  1104. 1135. 1164. 1135. 1170. 1135. 1299. 1135. 1302. 1135. 1305.
  1135. 1368. 1135. 1371. 1135. 1515. 1135. 1518. 1135. 1561. 1135.
  1719. 1135. 1801. 1135. 2168. 1135. 2501. 1135. 2757. 1135. 2760.
  1135. 906. 1136. 909. 1136. 912. 1136. 972. 1136. 1167. 1136. 1356.
  1136. 1407. 1136. 1502. 1136. 1706. 1136. 1716. 1136. 1817. 1136.
  1908. 1136. 1952. 1136. 2150. 1136. 2700. 1136. 1164. 1137. 1212.
  1137. 1349. 1137. 1512. 1137. 1569. 1137. 1899. 1137. 2103. 1137.
  2153. 1137. 2157. 1137. 2363. 1137. 2562. 1137. 2763. 1137. 2766.
  1137. 921. 1138. 1028. 1138. 1113. 1138. 1116. 1138. 1148. 1138. 1151.
  1138. 1219. 1138. 1298. 1138. 1301. 1138. 1311. 1138. 1314. 1138.
  1352. 1138. 1417. 1138. 1715. 1138. 1913. 1138. 2160. 1138. 2309.
  1138. 2360. 1138. 2550. 1138. 2565. 1138. 2903. 1138. 2960. 1138. 908.
