<?xml version="1.0"?>
<opencv_storage>
<points1>
  283. 3. 487. 3. 534. 3. 538. 3. 545. 3. 580. 3. 587. 3. 602. 3. 619.
  3. 630. 3. 640. 3. 548. 4. 550. 4. 672. 4. 285. 5. 584. 5. 706. 5.
  190. 6. 193. 6. 510. 6. 533. 6. 540. 6. 552. 6. 712. 6. 8. 7. 188. 7.
  195. 7. 286. 7. 606. 7. 739. 7. 746. 7. 710. 8. 187. 9. 554. 9. 197.
  10. 533. 10. 186. 12. 197. 12. 505. 12. 514. 13. 548. 13. 187. 14.
  197. 14. 520. 14. 188. 16. 195. 16. 52. 17. 54. 17. 56. 17. 190. 17.
  517. 17. 531. 17. 50. 18. 192. 18. 438. 18. 641. 18. 667. 18. 59. 19.
  526. 19. 665. 19. 49. 20. 504. 20. 134. 21. 485. 21. 511. 21. 61. 22.
  161. 22. 504. 22. 526. 22. 586. 22. 321. 23. 502. 23. 62. 24. 126. 24.
  496. 24. 518. 24. 533. 24. 566. 24. 7. 25. 49. 25. 454. 25. 61. 26.
  465. 26. 482. 26. 493. 26. 499. 26. 547. 26. 552. 26. 455. 27. 484.
  27. 504. 27. 507. 27. 51. 28. 60. 28. 54. 29. 58. 29. 530. 29. 56. 30.
  561. 30. 477. 31. 497. 31. 691. 31. 458. 32. 490. 32. 493. 32. 506.
  32. 536. 32. 671. 32. 127. 33. 135. 33. 461. 33. 517. 33. 489. 34.
  514. 34. 568. 34. 611. 34. 495. 35. 692. 35. 6. 36. 498. 36. 532. 36.
  534. 36. 478. 37. 526. 37. 529. 37. 688. 37. 740. 37. 521. 38. 669.
  38. 280. 41. 470. 41. 333. 42. 468. 42. 549. 42. 748. 42. 569. 43.
  678. 43. 279. 44. 484. 44. 748. 44. 466. 45. 500. 45. 328. 46. 688.
  46. 231. 48. 569. 48. 472. 49. 477. 49. 488. 49. 491. 49. 564. 49.
  493. 50. 521. 50. 593. 51. 485. 52. 491. 52. 674. 52. 665. 54. 679.
  54. 713. 54. 133. 55. 674. 55. 681. 55. 407. 56. 713. 56. 128. 57.
  134. 57. 412. 57. 129. 59. 136. 59. 332. 59. 419. 59. 435. 59. 595.
  59. 614. 60. 408. 61. 552. 61. 21. 62. 138. 62. 268. 62. 131. 63. 460.
  63. 493. 64. 19. 65. 461. 65. 598. 65. 613. 66. 135. 69. 493. 69. 22.
  70. 499. 70. 623. 70. 495. 71. 25. 72. 512. 73. 624. 73. 115. 77. 400.
  77. 619. 77. 626. 77. 191. 81. 681. 82. 335. 83. 5. 84. 188. 85. 234.
  85. 604. 85. 7. 87. 627. 87. 26. 88. 480. 88. 750. 88. 123. 89. 478.
  89. 549. 89. 8. 91. 30. 91. 115. 91. 606. 91. 605. 95. 206. 97. 198.
  98. 201. 99. 349. 99. 609. 99. 207. 100. 162. 102. 171. 102. 198. 102.
  635. 102. 165. 103. 575. 103. 595. 103. 612. 103. 638. 103. 571. 104.
  125. 105. 162. 105. 584. 105. 596. 106. 642. 106. 583. 107. 128. 108.
  134. 108. 27. 109. 125. 109. 85. 110. 173. 111. 576. 111. 85. 112. 44.
  115. 126. 115. 165. 116. 45. 117. 35. 119. 108. 123. 92. 124. 110.
  124. 168. 125. 113. 128. 186. 129. 97. 132. 184. 132. 180. 134. 186.
  134. 326. 135. 36. 136. 329. 139. 112. 141. 114. 143. 388. 145. 389.
  148. 751. 151. 387. 152. 37. 168. 26. 170. 3. 173. 3. 184. 26. 300.
  28. 301. 357. 302. 34. 304. 28. 307. 365. 308. 373. 308. 420. 308.
  334. 310. 370. 310. 394. 311. 405. 311. 337. 312. 342. 312. 346. 312.
  399. 312. 408. 312. 425. 312. 322. 313. 396. 313. 411. 313. 421. 313.
  328. 314. 332. 315. 390. 315. 407. 315. 463. 315. 320. 316. 375. 316.
  402. 316. 420. 316. 428. 316. 406. 317. 424. 317. 329. 318. 358. 318.
  411. 318. 431. 318. 461. 318. 322. 319. 372. 319. 317. 320. 349. 321.
  404. 321. 428. 321. 310. 322. 387. 322. 389. 322. 398. 322. 407. 322.
  433. 322. 436. 322. 456. 322. 377. 323. 411. 323. 395. 324. 404. 324.
  454. 324. 297. 325. 299. 325. 392. 325. 429. 325. 433. 325. 436. 325.
  387. 326. 413. 326. 440. 327. 452. 327. 474. 327. 294. 328. 442. 328.
  416. 329. 428. 329. 449. 329. 424. 330. 410. 332. 420. 332. 428. 332.
  420. 335. 433. 335. 280. 336. 423. 337. 450. 337. 425. 338. 442. 340.
  460. 341. 423. 342. 373. 344. 451. 346. 436. 348. 447. 348. 383. 349.
  40. 350. 419. 350. 417. 351. 42. 352. 42. 354. 402. 354. 413. 354. 44.
  356. 273. 360. 411. 360. 507. 361. 47. 362. 404. 362. 393. 363. 406.
  363. 49. 364. 395. 364. 403. 364. 409. 364. 397. 365. 394. 366. 390.
  368. 406. 368. 286. 369. 401. 369. 404. 373. 365. 374. 390. 374. 369.
  375. 274. 376. 402. 379. 405. 380. 401. 381. 397. 383. 69. 385. 61.
  386. 278. 387. 389. 388. 404. 390. 361. 391. 397. 391. 373. 393. 399.
  394. 388. 396. 398. 397. 395. 398. 386. 399. 417. 400. 403. 401. 411.
  402. 429. 403. 434. 404. 439. 404. 445. 405. 447. 405. 466. 406. 448.
  408. 466. 408. 386. 410. 462. 411. 427. 412. 381. 413. 431. 413. 448.
  413. 13. 422. 412. 427. 47. 432. 426. 434. 45. 438. 47. 440. 46. 444.
  50. 446. 105. 449. 60. 454. 429. 456. 484. 458. 430. 459. 41. 463. 64.
  465. 39. 466. 42. 471. 45. 471. 44. 474. 531. 500. 13. 526. 14. 531.
  250. 535. 257. 536. 254. 537. 257. 539. 255. 540. 260. 541. 267. 544.
  269. 546. 10. 548. 251. 549. 275. 549. 261. 551. 272. 551. 279. 551.
  82. 553. 274. 553. 281. 553. 257. 555. 267. 555. 272. 555. 274. 555.
  279. 555. 282. 556. 279. 557. 285. 557. 282. 558. 301. 559. 7. 560.
  251. 560. 258. 560. 274. 560. 290. 560. 285. 561. 287. 561. 296. 561.
  250. 562. 13. 563. 261. 563. 287. 563. 293. 563. 295. 563. 298. 563.
  258. 564. 289. 564. 256. 565. 279. 565. 300. 565. 303. 565. 32. 566.
  297. 566. 253. 567. 306. 567. 291. 568. 276. 569. 299. 569. 289. 570.
  252. 571. 226. 572. 240. 574. 230. 575. 39. 576. 266. 576. 22. 577.
  45. 577. 239. 577. 241. 577. 313. 577. 190. 578. 273. 578. 289. 578.
  306. 578. 315. 578. 228. 579. 180. 580. 314. 580. 295. 581. 39. 582.
  285. 582. 51. 584. 175. 584. 189. 584. 279. 584. 172. 586. 196. 586.
  174. 587. 221. 587. 170. 588. 224. 588. 228. 588. 199. 589. 284. 589.
  297. 589. 309. 594. 301. 596. 199. 597. 188. 598. 217. 598. 192. 599.
  219. 599. 216. 600. 286. 600. 172. 602. 175. 602. 297. 602. 299. 602.
  184. 603. 309. 606. 158. 608. 301. 608. 155. 609. 199. 609. 212. 609.
  291. 610. 297. 610. 155. 612. 183. 612. 307. 612. 174. 614. 198. 614.
  273. 614. 156. 615. 350. 616. 206. 617. 209. 617. 302. 617. 344. 617.
  351. 618. 155. 619. 278. 619. 353. 619. 349. 620. 158. 621. 207. 621.
  351. 622. 157. 623. 266. 624. 299. 624. 352. 624. 160. 625. 163. 626.
  165. 626. 232. 626. 300. 626. 350. 626. 160. 627. 285. 627. 165. 628.
  167. 628. 261. 629. 276. 629. 355. 629. 194. 630. 278. 631. 280. 631.
  166. 632. 192. 632. 346. 632. 287. 634. 357. 634. 360. 634. 192. 635.
  195. 635. 252. 636. 359. 636. 344. 637. 161. 638. 358. 639. 362. 640.
  161. 642. 165. 642. 364. 642. 200. 643. 307. 644. 162. 645. 297. 645.
  348. 645. 352. 645. 165. 646. 313. 646. 352. 647. 359. 649. 304. 650.
  352. 650. 106. 651. 186. 651. 237. 651. 299. 651. 316. 653. 238. 654.
  306. 654. 310. 655. 263. 657. 234. 658. 220. 660. 223. 660. 205. 661.
  233. 661. 315. 662. 207. 663. 213. 663. 204. 664. 216. 664. 322. 666.
  326. 668. 38. 672. 332. 672. 329. 674. 332. 674. 335. 674. 221. 675.
  211. 676. 395. 677. 334. 679. 338. 679. 395. 681. 399. 683. 391. 684.
  288. 685. 292. 685. 301. 686. 299. 691. 302. 691. 263. 694. 282. 694.
  407. 694. 272. 696. 409. 696. 309. 697. 300. 698. 310. 701. 401. 701.
  415. 701. 289. 702. 316. 702. 287. 703. 329. 704. 412. 706. 268. 707.
  286. 707. 363. 707. 420. 707. 284. 709. 270. 711. 277. 715. 421. 715.
  271. 717. 275. 717. 422. 717. 393. 718. 412. 719. 318. 721. 400. 721.
  272. 722. 305. 722. 405. 722. 321. 726. 316. 728. 436. 728. 299. 729.
  305. 732. 300. 733. 302. 734. 302. 737. 337. 737. 101. 741. 399. 744.
  402. 757. 403. 760. 422. 800. 436. 806. 428. 813. 359. 815. 353. 817.
  477. 818. 451. 820. 428. 821. 339. 823. 429. 823. 378. 828. 436. 833.
  448. 834. 442. 839. 438. 841. 448. 848. 450. 851. 305. 852. 380. 852.
  224. 854. 386. 867. 354. 869. 352. 872. 356. 873. 391. 882. 541. 887.
  370. 889. 391. 890. 364. 891. 383. 899. 378. 903. 386. 904. 373. 906.
  535. 909. 531. 910. 533. 911. 750. 912. 353. 914. 362. 915. 750. 918.
  748. 921. 749. 941. 412. 944. 404. 945. 409. 946. 401. 950. 379. 961.
  382. 962. 362. 976.</points1>
