<?xml version="1.0"?>
<opencv_storage>
<points2>
  3.42773438e+00 9.71203613e+00 3.43481445e+00 1.28087158e+01
  5.44116211e+00 1.28347168e+01 5.44738770e+00 1.60344238e+01
  8.46667480e+00 2.24050293e+01 8.47436523e+00 2.54938965e+01
  6.47363281e+00 2.64246826e+01 1.15045166e+01 3.30161133e+01
  9.50537109e+00 3.48743896e+01 1.45386963e+01 4.06190186e+01
  1.25428467e+01 4.33984375e+01 1.45476074e+01 4.62397461e+01
  1.55531006e+01 4.99948730e+01 1.55618896e+01 5.18212891e+01
  1.75720215e+01 5.27453613e+01 1.75773926e+01 5.45130615e+01
  2.16146240e+01 6.64510498e+01 2.36437988e+01 7.04621582e+01
  2.46635742e+01 7.74930420e+01 2.66810303e+01 8.05231934e+01
  2.66853027e+01 8.45404053e+01 2.46684570e+01 8.54997559e+01
  2.76955566e+01 8.95405273e+01 2.97015381e+01 9.25883789e+01
  3.06832275e+01 1.00607300e+02 3.06762695e+01 1.07621338e+02
  3.26585693e+01 1.10649780e+02 3.36535645e+01 1.17648193e+02
  3.56650391e+01 1.18649292e+02 3.36506348e+01 1.19651367e+02
  3.56627197e+01 1.20649170e+02 3.56610107e+01 1.22647583e+02
  4.27252197e+01 1.50656616e+02 4.47409668e+01 1.53660156e+02
  4.27208252e+01 1.54663208e+02 4.47371826e+01 1.57664917e+02
  4.57379150e+01 1.64677246e+02 5.17375488e+01 1.91531128e+02
  5.17526855e+01 1.95706787e+02 6.38363037e+01 2.63254639e+02
  6.58056641e+01 2.66238403e+02 2.64225269e+03 3.97523315e+02
  2.64524951e+03 3.97485962e+02 2.63825928e+03 3.98541138e+02
  2.25675269e+03 4.03554321e+02 2.25972266e+03 4.03560059e+02
  2.22467969e+03 4.08295532e+02 2.60833398e+03 4.17708862e+02
  2.59035986e+03 4.29795410e+02 2.85447656e+03 4.29362671e+02
  2.57938525e+03 4.37888794e+02 2.89151807e+03 4.37512207e+02
  2.11675024e+03 4.39513428e+02 2.79552100e+03 4.41836914e+02
  2.85946582e+03 4.41348022e+02 2.37979346e+03 4.43852417e+02
  2.86046143e+03 4.43370605e+02 2.15472876e+03 4.44634521e+02
  2.76749365e+03 4.45063965e+02 2.85847778e+03 4.44392456e+02
  2.87956494e+03 4.46462891e+02 2.11577148e+03 4.51387695e+02
  2.55739502e+03 4.53128296e+02 2.13575879e+03 4.52510254e+02
  2.84349341e+03 4.52568848e+02 2.71940820e+03 4.54435913e+02
  2.35374951e+03 4.56757568e+02 2.34171997e+03 4.63736328e+02
  2.70428687e+03 4.64412109e+02 2.70734082e+03 4.65451538e+02
  2.71942920e+03 4.72561035e+02 2.72241357e+03 4.73588257e+02
  2.71943164e+03 4.74576294e+02 2.55742334e+03 4.77305054e+02
  2.74755542e+03 4.76456665e+02 2.81253491e+03 4.76979858e+02
  2.81253857e+03 4.81067261e+02 2.30275342e+03 4.87827637e+02
  2.10581885e+03 4.87557007e+02 2.49747363e+03 4.90675903e+02
  2.10982910e+03 4.93625000e+02 2.11583276e+03 4.98582031e+02
  2.00371460e+03 5.00878540e+02 2.97350171e+03 5.02137695e+02
  2.47293018e+03 5.06386963e+02 2.46395654e+03 5.11389893e+02
  2.07087695e+03 5.11058228e+02 2.07385205e+03 5.11069824e+02
  2.46095703e+03 5.13410034e+02 2.45796191e+03 5.15433594e+02
  2.69634619e+03 5.15380615e+02 2.45496191e+03 5.18486694e+02
  2.77154150e+03 5.24258423e+02 2.44296729e+03 5.27364746e+02
  2.43995947e+03 5.29262451e+02 2.03782812e+03 5.30743164e+02
  2.22183545e+03 5.35823608e+02 2.00773059e+03 5.47530518e+02
  2.40691797e+03 5.49685059e+02 2.78953320e+03 5.49535522e+02
  2.57248462e+03 5.57550293e+02 2.18189746e+03 5.65764038e+02
  2.38294019e+03 5.66792603e+02 1.98990063e+03 5.68770020e+02
  1.31044312e+03 5.71262695e+02 1.31344458e+03 5.71269775e+02
  1.31645496e+03 5.71276245e+02 1.30744629e+03 5.72260132e+02
  1.98095081e+03 5.76777222e+02 2.35389941e+03 5.85608276e+02
  2.33889258e+03 5.95463745e+02 1.95392407e+03 5.97707764e+02
  1.83838062e+03 5.98602417e+02 1.94196423e+03 6.02767700e+02
  1.93598560e+03 6.07780762e+02 2.31390137e+03 6.13466919e+02
  1.93298669e+03 6.15730103e+02 1.92398755e+03 6.16710205e+02
  1.96287695e+03 6.18691772e+02 1.78647107e+03 6.22479736e+02
  1.78946191e+03 6.22482056e+02 1.91499219e+03 6.26641479e+02
  1.91199487e+03 6.27642090e+02 2.28995044e+03 6.30265869e+02
  1.86422034e+03 6.29611816e+02 2.28702002e+03 6.32280762e+02
  2.29093164e+03 6.32284058e+02 1.78747620e+03 6.31521362e+02
  1.79146191e+03 6.31525146e+02 1.86123425e+03 6.33606812e+02
  1.91700562e+03 6.33673340e+02 2.27791382e+03 6.38279785e+02
  1.76952747e+03 6.44452637e+02 1.76853174e+03 6.48460449e+02
  1.84237769e+03 6.49568848e+02 1.67128748e+03 6.50233521e+02
  1.63228076e+03 6.55290527e+02 1.73553918e+03 6.56403198e+02
  1.60427625e+03 6.58387329e+02 1.94103308e+03 6.59786987e+02
  1.94499023e+03 6.59792480e+02 1.75455005e+03 6.60526978e+02
  1.75755139e+03 6.61544922e+02 1.70946045e+03 6.68341919e+02
  1.72353564e+03 6.68362915e+02 1.65130042e+03 6.69292236e+02
  1.81646594e+03 6.69618652e+02 1.64830090e+03 6.70292480e+02
  1.72454138e+03 6.71359253e+02 1.73654675e+03 6.71402832e+02
  1.84834644e+03 6.71649170e+02 1.79348682e+03 6.72599976e+02
  1.84240942e+03 6.73657837e+02 1.71750916e+03 6.74383789e+02
  1.82946313e+03 6.74669556e+02 1.83244946e+03 6.74672607e+02
  1.65530652e+03 6.75335938e+02 1.83645801e+03 6.75697876e+02
  1.92306091e+03 6.75763672e+02 1.66531055e+03 6.76348145e+02
  1.66931299e+03 6.76353394e+02 1.70040930e+03 6.76382568e+02
  1.77653418e+03 6.76645752e+02 1.77952698e+03 6.76649170e+02
  1.91106763e+03 6.76753906e+02 1.71751147e+03 6.77394287e+02
  1.82847791e+03 6.77686157e+02 1.80549341e+03 6.78674316e+02
  1.90607214e+03 6.78745972e+02 1.92406494e+03 6.78761353e+02
  1.92806470e+03 6.78763672e+02 1.91407019e+03 6.79764038e+02
  1.94501270e+03 6.79786621e+02 1.67632178e+03 6.80388794e+02
  1.84143542e+03 6.80733154e+02 1.96596753e+03 6.80792236e+02
  1.96898596e+03 6.80790894e+02 1.80149976e+03 6.81723511e+02
  1.80449927e+03 6.81724731e+02 1.92207617e+03 6.81803589e+02
  1.94501514e+03 6.81816772e+02 1.95003540e+03 6.81826172e+02
  1.97200342e+03 6.81806519e+02 2.04101282e+03 6.81948975e+02
  1.77554419e+03 6.82704712e+02 1.77853833e+03 6.82717285e+02
  2.09503638e+03 6.83212769e+02 2.11303027e+03 6.83392944e+02
  2.11603223e+03 6.83410034e+02 1.96597205e+03 6.83835449e+02
  1.96899841e+03 6.83838257e+02 1.79650769e+03 6.84775024e+02
  2.13701978e+03 6.85557617e+02 2.02203601e+03 6.85944702e+02
  2.04898047e+03 6.86027588e+02 2.17902588e+03 6.86814087e+02
  2.22100977e+03 6.87072632e+02 1.70243091e+03 6.86512085e+02
  1.84542859e+03 6.86839233e+02 1.95505688e+03 6.86912720e+02
  1.96199902e+03 6.86904419e+02 2.04201367e+03 6.87024414e+02
  2.11303223e+03 6.87472412e+02 2.11802881e+03 6.87499634e+02
  2.12202734e+03 6.87517578e+02 1.72455505e+03 6.87593750e+02
  1.90210291e+03 6.87893433e+02 1.91609680e+03 6.87910156e+02
  1.91909863e+03 6.87912598e+02 1.95205676e+03 6.87939453e+02
  2.01901831e+03 6.87974121e+02 2.17702271e+03 6.88798950e+02
  2.17902734e+03 6.88818726e+02 2.19703589e+03 6.88937378e+02
  1.91110938e+03 6.88929199e+02 1.93909644e+03 6.88950562e+02
  2.18202954e+03 6.89846069e+02 2.22101196e+03 6.90076904e+02
  2.24713916e+03 6.90259399e+02 1.88918945e+03 6.89921265e+02
  1.89314648e+03 6.89923828e+02 1.91410986e+03 6.89951172e+02
  1.96004565e+03 6.89973633e+02 2.01497571e+03 6.90006470e+02
  2.03506519e+03 6.90064941e+02 2.04400476e+03 6.90095093e+02
  2.11103613e+03 6.90503906e+02 2.19703735e+03 6.90933838e+02
  2.25113843e+03 6.91282593e+02 2.32898975e+03 6.91554077e+02
  1.23057690e+03 6.90264771e+02 1.27259448e+03 6.90361206e+02
  1.83250806e+03 6.90908447e+02 2.03805664e+03 6.91092163e+02
  2.10703955e+03 6.91476929e+02 2.25409351e+03 6.92303101e+02
  2.26899316e+03 6.92355835e+02 1.23759290e+03 6.91303589e+02
  1.30154102e+03 6.91448608e+02 1.76659912e+03 6.91880859e+02
  1.81152075e+03 6.91911255e+02 1.98709106e+03 6.92016846e+02
  2.01396521e+03 6.92047485e+02 2.02809033e+03 6.92084839e+02
  2.03107275e+03 6.92094238e+02 2.29594775e+03 6.93414673e+02
  1.26458350e+03 6.92401733e+02 1.26759314e+03 6.92408691e+02
  1.27159802e+03 6.92418091e+02 1.73458191e+03 6.92789551e+02
  1.78656421e+03 6.92923584e+02 1.83151050e+03 6.92943848e+02
  1.96300647e+03 6.93036621e+02 2.00298035e+03 6.93062500e+02
  2.00496289e+03 6.93066528e+02 2.02608643e+03 6.93106567e+02
