<?xml version="1.0"?>
<opencv_storage>
<points1>
  232. 90. 240. 91. 240. 95. 436. 96. 233. 97. 427. 97. 421. 98. 415.
  100. 419. 101. 431. 102. 292. 103. 274. 104. 271. 105. 276. 105. 431.
  105. 228. 107. 292. 107. 410. 107. 226. 108. 406. 108. 405. 110. 228.
  111. 536. 113. 434. 114. 539. 115. 222. 116. 544. 117. 537. 121. 289.
  122. 558. 122. 540. 124. 559. 125. 291. 126. 560. 128. 287. 129. 538.
  129. 397. 130. 447. 135. 382. 170. 385. 170. 413. 173. 409. 174. 393.
  177. 389. 181. 391. 183. 384. 184. 451. 184. 381. 185. 394. 185. 449.
  185. 388. 186. 436. 187. 377. 188. 382. 188. 387. 188. 396. 188. 440.
  188. 402. 189. 406. 190. 411. 190. 379. 191. 383. 191. 447. 191. 470.
  191. 421. 192. 425. 192. 431. 193. 365. 194. 377. 194. 435. 194. 386.
  195. 396. 195. 441. 195. 467. 195. 445. 196. 472. 196. 450. 197. 509.
  197. 405. 198. 410. 198. 455. 198. 461. 198. 365. 199. 415. 199. 419.
  199. 424. 199. 465. 199. 367. 200. 429. 200. 514. 200. 435. 201. 438.
  201. 470. 201. 473. 201. 480. 201. 465. 202. 475. 202. 369. 203. 372.
  203. 439. 203. 445. 203. 477. 203. 450. 204. 372. 205. 456. 205. 461.
  205. 482. 205. 484. 205. 519. 207. 368. 208. 466. 208. 473. 208. 486.
  208. 489. 208. 497. 208. 476. 209. 359. 210. 394. 210. 479. 210. 487.
  210. 493. 210. 400. 211. 405. 212. 410. 213. 484. 213. 509. 213. 416.
  214. 421. 215. 503. 215. 426. 216. 489. 216. 507. 216. 515. 216. 432.
  217. 487. 217. 437. 218. 496. 218. 512. 219. 517. 220. 530. 220. 448.
  221. 501. 221. 511. 221. 515. 222. 459. 223. 522. 223. 507. 224. 518.
  224. 526. 224. 512. 226. 530. 226. 478. 227. 526. 227. 481. 228. 517.
  229. 519. 230. 477. 232. 524. 232. 480. 233. 520. 233. 538. 235. 505.
  236. 538. 237. 531. 241. 576. 247. 561. 248. 545. 249. 555. 249. 585.
  249. 522. 250. 540. 250. 558. 250. 570. 250. 576. 250. 530. 251. 572.
  251. 509. 252. 514. 252. 524. 252. 554. 252. 498. 253. 539. 253. 545.
  253. 556. 253. 563. 253. 576. 253. 579. 253. 493. 254. 527. 254. 478.
  255. 480. 255. 483. 255. 511. 255. 523. 255. 525. 255. 529. 255. 561.
  255. 464. 256. 467. 256. 508. 256. 513. 256. 545. 256. 575. 256. 580.
  256. 451. 257. 462. 257. 496. 257. 559. 257. 564. 257. 446. 258. 498.
  258. 516. 258. 529. 258. 436. 259. 477. 259. 481. 259. 543. 259. 548.
  259. 420. 260. 431. 260. 532. 260. 404. 261. 415. 261. 461. 261. 527.
  261. 517. 262. 372. 263. 383. 263. 388. 263. 445. 263. 500. 263. 512.
  263. 351. 264. 356. 264. 367. 264. 496. 264. 335. 265. 340. 265. 437.
  265. 450. 265. 480. 265. 485. 265. 319. 266. 434. 266. 464. 266. 469.
  266. 303. 267. 307. 267. 419. 267. 453. 267. 275. 268. 287. 268. 291.
  268. 402. 268. 448. 268. 223. 269. 242. 269. 270. 269. 321. 269. 437.
  269. 237. 270. 240. 270. 254. 270. 258. 270. 289. 270. 422. 270. 432.
  270. 204. 271. 209. 271. 221. 271. 226. 271. 354. 271. 406. 271. 417.
  271. 305. 272. 319. 272. 324. 272. 336. 272. 390. 272. 401. 272. 273.
  273. 289. 273. 322. 273. 374. 273. 385. 273. 369. 274. 244. 275. 256.
  275. 341. 275. 352. 275. 357. 275. 227. 276. 287. 276. 292. 276. 303.
  276. 308. 276. 320. 276. 325. 276. 336. 276. 194. 277. 220. 277. 225.
  277. 240. 277. 270. 277. 276. 277. 206. 278. 254. 278. 259. 278. 243.
  279. 226. 280. 237. 280. 209. 281. 221. 281. 193. 282. 204. 282. 526.
  293. 481. 296. 430. 300. 432. 300. 387. 303. 336. 306. 290. 307. 238.
  311. 191. 313. 535. 323. 583. 323. 487. 326. 540. 326. 491. 327. 536.
  327. 438. 330. 441. 330. 486. 330. 490. 331. 389. 333. 392. 333. 437.
  333. 442. 333. 339. 336. 393. 336. 343. 337. 389. 337. 289. 339. 292.
  339. 339. 340. 343. 340. 238. 343. 242. 343. 289. 343. 292. 344. 190.
  345. 187. 346. 238. 346. 242. 346. 187. 349. 190. 349. 596. 353. 546.
  358. 551. 358. 551. 360. 496. 361. 499. 361. 546. 361. 550. 362. 446.
  365. 449. 365. 497. 365. 500. 365. 445. 368. 450. 368. 394. 369. 399.
  369. 343. 372. 346. 372. 395. 372. 398. 373. 291. 375. 342. 375. 347.
  375. 295. 376. 241. 378. 238. 379. 291. 379. 294. 379. 188. 382. 185.
  383. 239. 383. 185. 386. 189. 386. 612. 393. 559. 394. 563. 394. 564.
  397. 507. 398. 560. 398. 511. 399. 507. 402. 454. 403. 458. 403. 401.
  406. 458. 406. 404. 407. 400. 410. 405. 410. 347. 411. 351. 411. 347.
  414. 351. 414. 293. 415. 297. 415. 241. 418. 238. 419. 294. 419. 296.
  419. 186. 421. 238. 422. 241. 423. 186. 426. 573. 433. 576. 434. 572.
  437. 577. 437. 518. 438. 574. 438. 522. 439. 518. 442. 522. 442. 463.
  443. 467. 444. 463. 447. 408. 448. 467. 448. 412. 449. 352. 452. 408.
  452. 356. 453. 411. 453. 296. 456. 351. 456. 299. 457. 331. 457. 355.
  457. 294. 458. 241. 460. 295. 460. 299. 460. 238. 461. 184. 465. 238.
  465. 241. 465. 179. 466. 184. 468. 181. 469. 586. 479. 590. 479. 586.
  482. 591. 482. 530. 484. 534. 484. 531. 487. 534. 487. 473. 488. 477.
  489. 473. 492. 476. 493. 415. 494. 419. 494. 415. 497. 419. 497. 357.
  498. 360. 498. 357. 502. 360. 502. 298. 503. 302. 503. 239. 506. 297.
  506. 241. 507. 301. 507. 299. 508. 181. 510. 237. 510. 242. 510. 178.
  511. 177. 514. 181. 514. 602. 527. 606. 528. 602. 531. 606. 531. 546.
  532. 543. 533. 544. 536. 547. 536. 484. 537. 488. 538. 483. 541. 487.
  542. 423. 543. 423. 546. 476. 546. 363. 547. 427. 547. 366. 549. 366.
  551. 301. 552. 363. 552. 304. 553. 300. 556. 304. 556. 238. 557. 241.
  557. 175. 561. 238. 561. 241. 561. 179. 562. 175. 565. 177. 566. 560.
  586. 496. 591. 435. 597. 369. 603. 306. 608. 239. 612. 174. 617. 362.
  655. 327. 720.</points1>
