<?xml version="1.0"?>
<opencv_storage>
<points>
  <pos3D type_id="opencv-matrix">
    <rows>3</rows>
    <cols>1</cols>
    <dt>d</dt>
    <data>
      -1.6886941654600969e+02 -8.4065935713231440e+01
      2.0470586637825461e+03</data></pos3D>
  <pos3D type_id="opencv-matrix">
    <rows>3</rows>
    <cols>1</cols>
    <dt>d</dt>
    <data>
      -1.4568322639656634e+02 -8.3867698086041855e+01
      2.0393627296412233e+03</data></pos3D>
  <pos3D type_id="opencv-matrix">
    <rows>3</rows>
    <cols>1</cols>
    <dt>d</dt>
    <data>
      -1.2260822925116972e+02 -8.3528883639520330e+01
      2.0310790136305911e+03</data></pos3D>
  <pos3D type_id="opencv-matrix">
    <rows>3</rows>
    <cols>1</cols>
    <dt>d</dt>
    <data>
      -1.0248075322622580e+02 -8.3549965615092376e+01
      2.0241171898196151e+03</data></pos3D>
  <pos3D type_id="opencv-matrix">
    <rows>3</rows>
    <cols>1</cols>
    <dt>d</dt>
    <data>
      -8.3767311172070762e+01 -8.3276916328265941e+01
      2.0179157801890499e+03</data></pos3D>
  <pos3D type_id="opencv-matrix">
    <rows>3</rows>
    <cols>1</cols>
    <dt>d</dt>
    <data>
      -4.2426153832313915e+01 -8.1824410714780910e+01
      1.9935380233930555e+03</data></pos3D>
  <pos3D type_id="opencv-matrix">
    <rows>3</rows>
    <cols>1</cols>
    <dt>d</dt>
    <data>
      -3.0751853031540827e+02 -8.4986008904455915e+01
      2.0820727326860392e+03</data></pos3D>
  <pos3D type_id="opencv-matrix">
    <rows>3</rows>
    <cols>1</cols>
    <dt>d</dt>
    <data>
      -2.3262528053773630e+02 -8.4066126831153198e+01
      2.0678403647630616e+03</data></pos3D>
  <pos3D type_id="opencv-matrix">
    <rows>3</rows>
    <cols>1</cols>
    <dt>d</dt>
    <data>
      -9.1806480231251854e+01 -8.2200966383359926e+01
      2.0208812525228498e+03</data></pos3D>
  <pos3D type_id="opencv-matrix">
    <rows>3</rows>
    <cols>1</cols>
    <dt>d</dt>
    <data>
      -2.3681213445538140e+02 -8.2822153716928355e+01
      2.0690555361384136e+03</data></pos3D>
  <pos3D type_id="opencv-matrix">
    <rows>3</rows>
    <cols>1</cols>
    <dt>d</dt>
    <data>
      -1.7026882843410331e+02 -8.1507386615156307e+01
      2.0477340833398212e+03</data></pos3D>
  <pos3D type_id="opencv-matrix">
    <rows>3</rows>
    <cols>1</cols>
    <dt>d</dt>
    <data>
      -1.6479044426866724e+02 -8.1426663515331015e+01
      2.0459832957316157e+03</data></pos3D>
  <pos3D type_id="opencv-matrix">
    <rows>3</rows>
    <cols>1</cols>
    <dt>d</dt>
    <data>
      -9.8497839989163182e+01 -8.1002870142899383e+01
      2.0231285281962739e+03</data></pos3D>
  <pos3D type_id="opencv-matrix">
    <rows>3</rows>
    <cols>1</cols>
    <dt>d</dt>
    <data>
      -8.2437767137636868e+01 -8.0691304011207748e+01
      2.0174420897079488e+03</data></pos3D>
  <pos3D type_id="opencv-matrix">
    <rows>3</rows>
    <cols>1</cols>
    <dt>d</dt>
    <data>
      -3.1874211232488005e+02 -8.2484067096245695e+01
      2.0844165140418195e+03</data></pos3D>
  <pos3D type_id="opencv-matrix">
    <rows>3</rows>
    <cols>1</cols>
    <dt>d</dt>
    <data>
      -2.8547876304528137e+02 -8.0742288110647749e+01
      2.0797699553853658e+03</data></pos3D>
  <pos3D type_id="opencv-matrix">
    <rows>3</rows>
    <cols>1</cols>
    <dt>d</dt>
    <data>
      -2.6877280896548876e+02 -8.0516955508164472e+01
      2.0764201013362876e+03</data></pos3D>
  <pos3D type_id="opencv-matrix">
    <rows>3</rows>
    <cols>1</cols>
    <dt>d</dt>
    <data>
      -1.7849465598340012e+02 -7.9034332198100984e+01
      2.0501468548895000e+03</data></pos3D>
  <pos3D type_id="opencv-matrix">
    <rows>3</rows>
    <cols>1</cols>
    <dt>d</dt>
    <data>
      -1.0650615090400761e+02 -7.8371902780094160e+01
      2.0255994329912000e+03</data></pos3D>
  <pos3D type_id="opencv-matrix">
    <rows>3</rows>
    <cols>1</cols>
    <dt>d</dt>
    <data>
      -9.3124326227966478e+01 -7.8271183652481568e+01
      2.0211168052775672e+03</data></pos3D>
  <pos3D type_id="opencv-matrix">
    <rows>3</rows>
    <cols>1</cols>
    <dt>d</dt>
    <data>
      -3.0481317161592034e+02 -7.9623439779424160e+01
      2.0821114454512776e+03</data></pos3D>
  <pos3D type_id="opencv-matrix">
    <rows>3</rows>
    <cols>1</cols>
    <dt>d</dt>
    <data>
      -2.8966191894159050e+02 -7.9463852336764617e+01
      2.0805891286439100e+03</data></pos3D>
  <pos3D type_id="opencv-matrix">
    <rows>3</rows>
    <cols>1</cols>
    <dt>d</dt>
    <data>
      -1.7167277215550354e+02 -7.7640196761239991e+01
      2.0484234901006139e+03</data></pos3D>
  <pos3D type_id="opencv-matrix">
    <rows>3</rows>
    <cols>1</cols>
    <dt>d</dt>
    <data>
      -8.9110729409246943e+01 -7.6902887108604304e+01
      2.0197438367687839e+03</data></pos3D>
  <pos3D type_id="opencv-matrix">
    <rows>3</rows>
    <cols>1</cols>
    <dt>d</dt>
    <data>
      -3.2437330861709586e+02 -7.8557433266151705e+01
      2.0856351414981077e+03</data></pos3D>
  <pos3D type_id="opencv-matrix">
    <rows>3</rows>
    <cols>1</cols>
    <dt>d</dt>
    <data>
      -3.0896584659588240e+02 -7.8338317843961761e+01
      2.0826344665242627e+03</data></pos3D>
  <pos3D type_id="opencv-matrix">
    <rows>3</rows>
    <cols>1</cols>
    <dt>d</dt>
    <data>
      -1.8535707367671472e+02 -7.6525201056926733e+01
      2.0520942794341790e+03</data></pos3D>
  <pos3D type_id="opencv-matrix">
    <rows>3</rows>
    <cols>1</cols>
    <dt>d</dt>
    <data>
      -9.7135678784780779e+01 -7.5724849798343101e+01
      2.0224239807980828e+03</data></pos3D>
  <pos3D type_id="opencv-matrix">
    <rows>3</rows>
    <cols>1</cols>
    <dt>d</dt>
    <data>
      -9.1781557456667542e+01 -7.5649659539448123e+01
      2.0206004198373582e+03</data></pos3D>
  <pos3D type_id="opencv-matrix">
    <rows>3</rows>
    <cols>1</cols>
    <dt>d</dt>
    <data>
      -2.2024144228673939e+02 -7.5981738885570607e+01
      2.0653854343061989e+03</data></pos3D>
  <pos3D type_id="opencv-matrix">
    <rows>3</rows>
    <cols>1</cols>
    <dt>d</dt>
    <data>
      -1.8810714189966404e+02 -7.5258819512285712e+01
      2.0528857075785963e+03</data></pos3D>
  <pos3D type_id="opencv-matrix">
    <rows>3</rows>
    <cols>1</cols>
    <dt>d</dt>
    <data>
      -1.7988624547102958e+02 -7.5139168992411570e+01
      2.0507020810478166e+03</data></pos3D>
  <pos3D type_id="opencv-matrix">
    <rows>3</rows>
    <cols>1</cols>
    <dt>d</dt>
    <data>
      -1.4302364045479726e+02 -7.4797846946809571e+01
      2.0389418669621850e+03</data></pos3D>
  <pos3D type_id="opencv-matrix">
    <rows>3</rows>
    <cols>1</cols>
    <dt>d</dt>
    <data>
      -4.7667998302299608e+01 -7.2996513534070573e+01
      1.9950175560778841e+03</data></pos3D>
  <pos3D type_id="opencv-matrix">
    <rows>3</rows>
    <cols>1</cols>
    <dt>d</dt>
    <data>
      -2.3268504217885442e+02 -7.4825255087752268e+01
      2.0682582461113007e+03</data></pos3D>
  <pos3D type_id="opencv-matrix">
    <rows>3</rows>
    <cols>1</cols>
    <dt>d</dt>
    <data>
      -1.2267506762474069e+02 -7.3244100256526011e+01
      2.0317045273525762e+03</data></pos3D>
  <pos3D type_id="opencv-matrix">
    <rows>3</rows>
    <cols>1</cols>
    <dt>d</dt>
    <data>
      -2.1179687836693620e+02 -7.3117185663782664e+01
      2.0618779880805159e+03</data></pos3D>
  <pos3D type_id="opencv-matrix">
    <rows>3</rows>
    <cols>1</cols>
    <dt>d</dt>
    <data>
      -1.2943270031506626e+02 -7.1985069558853638e+01
      2.0340867546056973e+03</data></pos3D>
  <pos3D type_id="opencv-matrix">
    <rows>3</rows>
    <cols>1</cols>
    <dt>d</dt>
    <data>
      -8.7778592734315865e+01 -7.1707246452783551e+01
      2.0193110248428100e+03</data></pos3D>
  <pos3D type_id="opencv-matrix">
    <rows>3</rows>
    <cols>1</cols>
    <dt>d</dt>
    <data>
      -3.1741018383901422e+02 -7.3131834962795566e+01
      2.0845233864303164e+03</data></pos3D>
  <pos3D type_id="opencv-matrix">
    <rows>3</rows>
    <cols>1</cols>
    <dt>d</dt>
    <data>
