<?xml version="1.0"?>
<opencv_storage>
<calibration_time>"Thu 02 Mar 2023 14:34:00 GMT"</calibration_time>
<nr_of_frames>7</nr_of_frames>
<image_width>3024</image_width>
<image_height>4032</image_height>
<board_width>9</board_width>
<board_height>6</board_height>
<square_size>50.</square_size>
<fix_aspect_ratio>1.</fix_aspect_ratio>
<!-- flags: +fix_aspectRatio +fix_principal_point +zero_tangent_dist +fix_k4 +fix_k5 -->
<flags>6158</flags>
<fisheye_model>0</fisheye_model>
<camera_matrix type_id="opencv-matrix">
  <rows>3</rows>
  <cols>3</cols>
  <dt>d</dt>
  <data>
    3.1729435777706394e+03 0. 1.5115000000000000e+03 0.
    3.1729435777706394e+03 2.0155000000000000e+03 0. 0. 1.</data></camera_matrix>
<distortion_coefficients type_id="opencv-matrix">
  <rows>5</rows>
  <cols>1</cols>
  <dt>d</dt>
  <data>
    2.3323655242614306e-02 7.1039505720728299e-02 0. 0.
    -2.2181380794572386e-01</data></distortion_coefficients>
<avg_reprojection_error>2.4991656684213690e+00</avg_reprojection_error>
<per_view_reprojection_errors type_id="opencv-matrix">
  <rows>7</rows>
  <cols>1</cols>
  <dt>f</dt>
  <data>
    3.40412903e+00 1.78918540e+00 2.43432832e+00 1.85533071e+00
    1.98913491e+00 3.35259342e+00 2.08968377e+00</data></per_view_reprojection_errors>
<!-- a set of 6-tuples (rotation vector + translation vector) for each view -->
<extrinsic_parameters type_id="opencv-matrix">
  <rows>7</rows>
  <cols>6</cols>
  <dt>d</dt>
  <data>
    -6.3526801337252203e-01 -4.2185138633356760e-02
    -9.5570125291297298e-02 -2.3519752460069003e+02
    -1.4816160018709371e+02 7.8111642864637588e+02
    -3.9847028941044221e-01 -3.1658383881946212e-01
    8.9277177957603371e-02 -1.8110814778823433e+02
    -4.8595629619013607e+01 7.5903601599695435e+02
    -3.5327415337545226e-01 2.7400683548518695e-01
    -5.4006621755516175e-02 -2.4352343506324829e+02
    -4.3882303756445808e+01 7.9107904740919412e+02
    1.4713461380241910e-01 3.6853642797021177e-02 5.3464544398497005e-03
    -2.0844460392469796e+02 -1.0666654428168150e+02
    6.8485111761897531e+02 -3.6979889625198792e-01
    2.4590964203062929e-01 3.4212743263333661e-01
    -1.6435727056821136e+02 -1.3568622025846022e+02
    8.2521662896931571e+02 -6.8754812351118877e-01
    -1.5649004091707362e-02 -8.4744738621492743e-01
    -1.8897321275981128e+02 9.2073454437078851e+01
    6.7693525573674742e+02 -2.1225854589950333e-01
    1.5273814108924635e-01 -1.5965164178424955e+00
    -1.1604933432658510e+02 2.0022377198292079e+02
    6.1200781175211421e+02</data></extrinsic_parameters>
<image_points type_id="opencv-matrix">
  <rows>7</rows>
  <cols>54</cols>
  <dt>"2f"</dt>
  <data>
    5.52820007e+02 1.40638660e+03 7.60805786e+02 1.39759717e+03
    9.65302612e+02 1.38757849e+03 1.16695654e+03 1.37609778e+03
    1.36699768e+03 1.36403394e+03 1.56403906e+03 1.35205212e+03
    1.76092407e+03 1.33858313e+03 1.95504321e+03 1.32534375e+03
    2.14881812e+03 1.31057019e+03 5.38177429e+02 1.55717505e+03
    7.54162476e+02 1.54570288e+03 9.65354736e+02 1.53145386e+03
    1.17532263e+03 1.51805701e+03 1.38234680e+03 1.50532825e+03
    1.58799719e+03 1.49036877e+03 1.79145374e+03 1.47742993e+03
    1.99385352e+03 1.46222437e+03 2.19377710e+03 1.44741333e+03
    5.20129578e+02 1.71286121e+03 7.45423340e+02 1.70232764e+03
    9.65729492e+02 1.68779675e+03 1.18370728e+03 1.67265857e+03
    1.39960901e+03 1.65778577e+03 1.61296143e+03 1.64334375e+03
    1.82533032e+03 1.62705640e+03 2.03527527e+03 1.61023071e+03
    2.24412842e+03 1.59110229e+03 4.99845673e+02 1.88269861e+03
    7.35600708e+02 1.87142896e+03 9.65408203e+02 1.85607849e+03
    1.19321680e+03 1.84028540e+03 1.41795105e+03 1.82419580e+03
    1.64055847e+03 1.80656543e+03 1.86125085e+03 1.78854919e+03
    2.08069556e+03 1.76808057e+03 2.29750684e+03 1.74922778e+03
    4.77331635e+02 2.06606226e+03 7.24534485e+02 2.05401367e+03
    9.65285645e+02 2.03830908e+03 1.20342029e+03 2.02156042e+03
    1.43837122e+03 2.00400488e+03 1.67034021e+03 1.98546179e+03
    1.90060181e+03 1.96552063e+03 2.12867285e+03 1.94582642e+03
    2.35393823e+03 1.92676672e+03 4.52253937e+02 2.26771851e+03
    7.11880310e+02 2.25323657e+03 9.64574585e+02 2.23635376e+03
    1.21439978e+03 2.21944116e+03 1.46014441e+03 2.20063062e+03
    1.70255249e+03 2.18041406e+03 1.94308533e+03 2.16032520e+03
    2.18091479e+03 2.13901392e+03 2.41571460e+03 2.11953784e+03
    7.52908203e+02 1.80751147e+03 9.62089233e+02 1.84430493e+03
    1.16267029e+03 1.87836963e+03 1.35681970e+03 1.91113855e+03
    1.54332349e+03 1.94190930e+03 1.72328149e+03 1.97153601e+03
    1.89806763e+03 1.99958484e+03 2.06733643e+03 2.02684521e+03
    2.23122681e+03 2.05243726e+03 7.26720154e+02 2.00286792e+03
    9.42223511e+02 2.03528540e+03 1.14889136e+03 2.06558374e+03
    1.34839246e+03 2.09489917e+03 1.53919836e+03 2.12346509e+03
    1.72436548e+03 2.14979370e+03 1.90288977e+03 2.17610767e+03
    2.07640942e+03 2.20055640e+03 2.24367554e+03 2.22440527e+03
    7.00577026e+02 2.20448975e+03 9.21734314e+02 2.23507104e+03
    1.13423914e+03 2.26242944e+03 1.33889038e+03 2.28879956e+03
    1.53538745e+03 2.31344678e+03 1.72481421e+03 2.33825806e+03
    1.90830432e+03 2.36086499e+03 2.08620728e+03 2.38265576e+03
    2.25894922e+03 2.40260010e+03 6.72226074e+02 2.41875781e+03
    9.00483887e+02 2.44576147e+03 1.11808374e+03 2.47045996e+03
    1.32807861e+03 2.49219849e+03 1.53083777e+03 2.51518677e+03
    1.72561072e+03 2.53549072e+03 1.91431653e+03 2.55520068e+03
    2.09764771e+03 2.57315967e+03 2.27448022e+03 2.59148804e+03
    6.42536560e+02 2.64552148e+03 8.78281677e+02 2.66779541e+03
    1.10298840e+03 2.68778564e+03 1.31825085e+03 2.70862305e+03
    1.52634717e+03 2.72568433e+03 1.72621985e+03 2.74317065e+03
    1.91956555e+03 2.75958472e+03 2.10645068e+03 2.77555713e+03
    2.28562695e+03 2.79068848e+03 6.10857483e+02 2.88726050e+03
    8.54346985e+02 2.90398608e+03 1.08741895e+03 2.91952319e+03
    1.30789026e+03 2.93447290e+03 1.52156396e+03 2.94952173e+03
    1.72673157e+03 2.96252490e+03 1.92478320e+03 2.97584863e+03
    2.11550879e+03 2.98827515e+03 2.29915479e+03 3.00063892e+03
    5.30636292e+02 1.83756995e+03 7.13399658e+02 1.81578223e+03
    9.00086182e+02 1.79289709e+03 1.09197168e+03 1.76830554e+03
    1.29077234e+03 1.74257092e+03 1.49623401e+03 1.71609534e+03
    1.70952563e+03 1.68754651e+03 1.93054407e+03 1.65761462e+03
    2.15984692e+03 1.62631055e+03 5.13158142e+02 2.02774915e+03
    6.98573425e+02 2.00809827e+03 8.87351929e+02 1.98655530e+03
    1.08376550e+03 1.96443982e+03 1.28745435e+03 1.94225354e+03
    1.49714722e+03 1.91773999e+03 1.71590906e+03 1.89314331e+03
    1.94332410e+03 1.86628625e+03 2.17880884e+03 1.83849512e+03
    4.89254974e+02 2.22360425e+03 6.81001648e+02 2.20751611e+03
    8.74302734e+02 2.18961060e+03 1.07530774e+03 2.17078662e+03
    1.28347900e+03 2.15110107e+03 1.49892078e+03 2.13070728e+03
    1.72299365e+03 2.10877588e+03 1.95636487e+03 2.08562451e+03
    2.19841113e+03 2.06027710e+03 4.63829926e+02 2.42962402e+03
    6.60577148e+02 2.41693262e+03 8.59799255e+02 2.40244824e+03
    1.06604834e+03 2.38743970e+03 1.27903662e+03 2.37160229e+03
    1.49996326e+03 2.35430811e+03 1.72993909e+03 2.33664697e+03
    1.96930798e+03 2.31674707e+03 2.21901294e+03 2.29633350e+03
    4.35351288e+02 2.64580981e+03 6.38465027e+02 2.63620459e+03
    8.43882019e+02 2.62562817e+03 1.05587292e+03 2.61445825e+03
    1.27481921e+03 2.60263159e+03 1.50185632e+03 2.59039941e+03
    1.73819934e+03 2.57684985e+03 1.98433777e+03 2.56275293e+03
    2.24186279e+03 2.54779370e+03 4.05279572e+02 2.87415771e+03
    6.13304016e+02 2.86792773e+03 8.25064941e+02 2.86126172e+03
    1.04445728e+03 2.85417017e+03 1.26974719e+03 2.84692139e+03
    1.50293774e+03 2.83874463e+03 1.74662903e+03 2.83095093e+03
    2.00041382e+03 2.82216968e+03 2.26637769e+03 2.81371118e+03
    5.42513672e+02 1.52278650e+03 7.74373169e+02 1.52314368e+03
    1.00542426e+03 1.52327917e+03 1.23739368e+03 1.52346606e+03
