<?xml version="1.0"?>
<opencv_storage>
<calibration_time>"Tue 14 Mar 2023 17:12:19 GMT"</calibration_time>
<nr_of_frames>7</nr_of_frames>
<image_width>756</image_width>
<image_height>1008</image_height>
<board_width>9</board_width>
<board_height>6</board_height>
<square_size>50.</square_size>
<fix_aspect_ratio>1.</fix_aspect_ratio>
<!-- flags: +fix_aspectRatio +fix_principal_point +zero_tangent_dist +fix_k4 +fix_k5 -->
<flags>6158</flags>
<fisheye_model>0</fisheye_model>
<camera_matrix type_id="opencv-matrix">
  <rows>3</rows>
  <cols>3</cols>
  <dt>d</dt>
  <data>
    7.9420198837706744e+02 0. 3.7750000000000000e+02 0.
    7.9420198837706744e+02 5.0350000000000000e+02 0. 0. 1.</data></camera_matrix>
<distortion_coefficients type_id="opencv-matrix">
  <rows>5</rows>
  <cols>1</cols>
  <dt>d</dt>
  <data>
    4.2144535211683938e-02 -7.9742796360829149e-02 0. 0.
    1.4201109857763605e-01</data></distortion_coefficients>
<avg_reprojection_error>6.2643946311221843e-01</avg_reprojection_error>
<per_view_reprojection_errors type_id="opencv-matrix">
  <rows>7</rows>
  <cols>1</cols>
  <dt>f</dt>
  <data>
    8.52236986e-01 4.62167263e-01 6.15406454e-01 4.50364232e-01
    5.01864612e-01 8.36342990e-01 5.23629248e-01</data></per_view_reprojection_errors>
<!-- a set of 6-tuples (rotation vector + translation vector) for each view -->
<extrinsic_parameters type_id="opencv-matrix">
  <rows>7</rows>
  <cols>6</cols>
  <dt>d</dt>
  <data>
    -6.3473995414546003e-01 -4.1632362650814915e-02
    -9.5575735028598716e-02 -2.3512821907405294e+02
    -1.4820579632251088e+02 7.8189033868976071e+02
    -3.9826810832606396e-01 -3.1716234542782246e-01
    8.9006184664661259e-02 -1.8105304192351571e+02
    -4.8583778827418030e+01 7.5987753484798122e+02
    -3.5321550508694460e-01 2.7390687018853843e-01
    -5.4040461777565309e-02 -2.4348619505838474e+02
    -4.3905213611255874e+01 7.9203866720522126e+02
    1.4705518509805815e-01 3.7737978724370819e-02 5.2744783148544914e-03
    -2.0842689897215817e+02 -1.0669237977254414e+02
    6.8596304192038781e+02 -3.6961894961772335e-01
    2.4587772029147478e-01 3.4207887082564276e-01
    -1.6432874600911472e+02 -1.3570742116453491e+02
    8.2621762628330418e+02 -6.8725722248739318e-01
    -1.5394715219025310e-02 -8.4752015744850584e-01
    -1.8891535696134753e+02 9.2072143283444206e+01
    6.7779068788559107e+02 -2.1217465293289423e-01
    1.5261703191186643e-01 -1.5964958653809818e+00
    -1.1603639336048946e+02 2.0020222092152846e+02
    6.1268538255579824e+02</data></extrinsic_parameters>
<image_points type_id="opencv-matrix">
  <rows>7</rows>
  <cols>54</cols>
  <dt>"2f"</dt>
  <data>
    1.37600479e+02 3.51094360e+02 1.89671722e+02 3.48847229e+02
    2.40790131e+02 3.46280396e+02 2.91381012e+02 3.43416229e+02
    3.41360229e+02 3.40318665e+02 3.90792816e+02 3.37313965e+02
    4.40031921e+02 3.33972687e+02 4.88606293e+02 3.30527435e+02
    5.37112000e+02 3.26945374e+02 1.34056076e+02 3.88859039e+02
    1.87968246e+02 3.85944641e+02 2.40886093e+02 3.82402466e+02
    2.93372162e+02 3.78957855e+02 3.45341705e+02 3.75745148e+02
    3.96692841e+02 3.72163757e+02 4.47650391e+02 3.68684692e+02
    4.98353119e+02 3.64991058e+02 5.48385742e+02 3.61174774e+02
    1.29498581e+02 4.27669342e+02 1.85830582e+02 4.25208649e+02
    2.40978714e+02 4.21468292e+02 2.95537109e+02 4.17779175e+02
    3.49582672e+02 4.14076050e+02 4.03004120e+02 4.10361450e+02
    4.56102417e+02 4.06308990e+02 5.08586334e+02 4.01874756e+02
    5.60869690e+02 3.97253937e+02 1.24527924e+02 4.70253479e+02
    1.83396545e+02 4.67468079e+02 2.40937164e+02 4.63623322e+02
    2.97975739e+02 4.59587677e+02 3.54239624e+02 4.55639191e+02
    4.09807159e+02 4.51376831e+02 4.65038116e+02 4.46673676e+02
    5.19989014e+02 4.41486938e+02 5.74319641e+02 4.36661713e+02
    1.18834831e+02 5.16187195e+02 1.80736420e+02 5.13093994e+02
    2.40941254e+02 5.09276459e+02 3.00520050e+02 5.04998901e+02
    3.59299377e+02 5.00531952e+02 4.17305115e+02 4.95902527e+02
    4.74822479e+02 4.91028046e+02 5.31959656e+02 4.86049683e+02
    5.88413452e+02 4.81357056e+02 1.12628082e+02 5.66577393e+02
    1.77516296e+02 5.62863464e+02 2.40753769e+02 5.58713806e+02
    3.03217743e+02 5.54507019e+02 3.64646606e+02 5.49734375e+02
    4.25351807e+02 5.44603394e+02 4.85470764e+02 5.39655029e+02
    5.45032043e+02 5.34463867e+02 6.03713928e+02 5.29473145e+02
    1.87778625e+02 4.51467682e+02 2.40192947e+02 4.60604401e+02
    2.90423462e+02 4.69275269e+02 3.38858887e+02 4.77422302e+02
    3.85463501e+02 4.85154968e+02 4.30488861e+02 4.92495117e+02
    4.74149872e+02 4.99504822e+02 5.16568115e+02 5.06313293e+02
    5.57591125e+02 5.12656616e+02 1.81324570e+02 5.00362396e+02
    2.35221268e+02 5.08487305e+02 2.86864166e+02 5.16041748e+02
    3.36656738e+02 5.23310486e+02 3.84474182e+02 5.30468018e+02
    4.30706268e+02 5.37042236e+02 4.75417572e+02 5.43570740e+02
    5.18823853e+02 5.49750854e+02 5.60678101e+02 5.55591553e+02
    1.74702072e+02 5.50715149e+02 2.29963623e+02 5.58459473e+02
    2.83240814e+02 5.65242859e+02 3.34290039e+02 5.71805359e+02
    3.83482513e+02 5.78128540e+02 4.30736237e+02 5.84248901e+02
    4.76793182e+02 5.89885376e+02 5.21320190e+02 5.95306580e+02
    5.64507568e+02 6.00363159e+02 1.67635757e+02 6.04340820e+02
    2.24607224e+02 6.11015198e+02 2.79329620e+02 6.17298706e+02
    3.31947113e+02 6.22919922e+02 3.82368988e+02 6.28484863e+02
    4.31161163e+02 6.33523621e+02 4.78298981e+02 6.38463257e+02
    5.24108093e+02 6.42945618e+02 5.68458740e+02 6.47470581e+02
    1.60259384e+02 6.61081299e+02 2.19166107e+02 6.66694885e+02
    2.75443207e+02 6.71697571e+02 3.29426453e+02 6.76581726e+02
    3.81122467e+02 6.81132263e+02 4.31276886e+02 6.85464783e+02
    4.79566010e+02 6.89540466e+02 5.26353333e+02 6.93490662e+02
    5.71261414e+02 6.97427185e+02 1.52325668e+02 7.21573242e+02
    2.13325943e+02 7.26011047e+02 2.71455078e+02 7.29746033e+02
    3.27029602e+02 7.33603882e+02 3.80153229e+02 7.36902710e+02
    4.31450134e+02 7.40414734e+02 4.80848022e+02 7.43602356e+02
    5.28696655e+02 7.46788391e+02 5.74539368e+02 7.49782288e+02
    1.32247803e+02 4.58909058e+02 1.77786224e+02 4.53561890e+02
    2.24524460e+02 4.47727661e+02 2.72665955e+02 4.41636108e+02
    3.22362030e+02 4.35330597e+02 3.73725037e+02 4.28584808e+02
    4.27022827e+02 4.21480286e+02 4.82356689e+02 4.13973450e+02
    5.39710693e+02 4.06170776e+02 1.27771240e+02 5.06517548e+02
    1.74242874e+02 5.01607574e+02 2.21413681e+02 4.96297821e+02
    2.70533875e+02 4.90681213e+02 3.21549866e+02 4.85179535e+02
    3.74003723e+02 4.79113953e+02 4.28664459e+02 4.72849884e+02
    4.85491943e+02 4.66215515e+02 5.44486206e+02 4.59172302e+02
    1.21750961e+02 5.55503113e+02 1.69688507e+02 5.51544312e+02
    2.18290939e+02 5.47024658e+02 2.68430847e+02 5.42372742e+02
    3.20521515e+02 5.37431824e+02 3.74519104e+02 5.32310120e+02
    4.30431732e+02 5.26756531e+02 4.88670166e+02 5.21032837e+02
    5.49380310e+02 5.14614380e+02 1.15553192e+02 6.07046387e+02
    1.64657196e+02 6.03750427e+02 2.14604614e+02 6.00209106e+02
    2.66191101e+02 5.96492249e+02 3.19436768e+02 5.92496704e+02
    3.74674164e+02 5.88313538e+02 4.32170898e+02 5.83693054e+02
    4.91981873e+02 5.78709900e+02 5.54477661e+02 5.73656677e+02
    1.08435295e+02 6.61172058e+02 1.59211975e+02 6.58767761e+02
    2.10547592e+02 6.56108032e+02 2.63636322e+02 6.53205139e+02
    3.18398773e+02 6.50405762e+02 3.75132294e+02 6.47177429e+02
    4.34210358e+02 6.43769714e+02 4.95765625e+02 6.40235229e+02
    5.60283691e+02 6.36580811e+02 1.00874649e+02 7.18231262e+02
    1.52849838e+02 7.16687500e+02 2.05862747e+02 7.15009827e+02
    2.60703613e+02 7.13286011e+02 3.17111877e+02 7.11379883e+02
    3.75513123e+02 7.09430664e+02 4.36387146e+02 7.07355896e+02
    4.99865112e+02 7.05290222e+02 5.66335632e+02 7.03120728e+02
    1.35154633e+02 3.80253418e+02 1.93189316e+02 3.80388580e+02
    2.50944946e+02 3.80381683e+02 3.08971863e+02 3.80435791e+02
